[gd_scene format=3 uid="uid://ca20833axewjx"]

[ext_resource type="Script" uid="uid://ymtnk8dlqv31" path="res://map/map.gd" id="1_j5psj"]
[ext_resource type="PackedScene" uid="uid://d0wjc5n1xkded" path="res://models/props/item.tscn" id="3_3jwd8"]
[ext_resource type="PackedScene" uid="uid://ds8vionsjdgoq" path="res://Course2.tscn" id="3_j5psj"]

[sub_resource type="BoxShape3D" id="BoxShape3D_rh2f5"]
size = Vector3(300.4899, 107.03613, 5)

[node name="Map03" type="Node3D" unique_id=317521660]
script = ExtResource("1_j5psj")

[node name="DirectionalLight3D" type="DirectionalLight3D" parent="." unique_id=724154080]
transform = Transform3D(0.7850723, 0.61631054, 0.061828256, 0.49741828, -0.6867932, 0.5299906, 0.36910194, -0.3853264, -0.84574676, -3.703802, 18.014938, -7.7496643)

[node name="goblin_1_start" type="Node3D" parent="." unique_id=1501022478]
transform = Transform3D(1, 0, 0, 0, 1, 0, 0, 0, 1, 1.739027, -35.864822, -15.637)

[node name="goblin_2_start" type="Node3D" parent="." unique_id=1940118030]
transform = Transform3D(1, 0, 0, 0, 1, 0, 0, 0, 1, -3.2359848, -35.865, -15.958)

[node name="Course2" parent="." unique_id=1489176660 instance=ExtResource("3_j5psj")]
transform = Transform3D(1, 0, 0, 0, 1, 0, 0, 0, 1, 0, -37.151527, 0)

[node name="end_zone" type="Area3D" parent="." unique_id=999484125]
transform = Transform3D(0.5933346, 0, -0.80495596, 0, 1, 0, 0.80495596, 0, 0.5933346, 555.2849, -530.5702, -987.21875)

[node name="CollisionShape3D" type="CollisionShape3D" parent="end_zone" unique_id=867850013]
transform = Transform3D(0.5177882, 0, -0.85550904, 0, 1, 0, 0.85550904, 0, 0.5177882, 1689.499, 13.6623535, 2017.1875)
shape = SubResource("BoxShape3D_rh2f5")

[node name="Item1" parent="." unique_id=2065320669 instance=ExtResource("3_3jwd8")]
transform = Transform3D(1, 0, 0, 0, 1, 0, 0, 0, 1, -26.399923, -67.2005, 32.3738)

[node name="Item2" parent="." unique_id=1166349645 instance=ExtResource("3_3jwd8")]
transform = Transform3D(1, 0, 0, 0, 1, 0, 0, 0, 1, 26.4, -67.201, 32.374)
